AC: 0.0536005268002634,0.06362208867000001
CT: 0.07236303618151808,0.061628380485
TA: 0.04032702016351008,0.0572989154895
CA: 0.07618353809176905,0.06362208867000001
CC: 0.08204104102052051,0.06842932809999999
GG: 0.08208604104302052,0.06739501563025
CG: 0.031002515501257752,0.067910202745
TG: 0.07379003689501845,0.06116084915325
